" ", 569, 2229, []
"!", 569, 2229, [[(231, 364), (176, 1141)], [(176, 1141), (176, 1466)], [(176, 1466), (399, 1466)], [(399, 1466), (399, 1141)], [(399, 1141), (347, 364)], [(347, 364), (231, 364)], [(184, 0), (184, 205)], [(184, 205), (391, 205)], [(391, 205), (391, 0)], [(391, 0), (184, 0)]]
"\"", 727, 2229, [[(144, 947), (94, 1226)], [(94, 1226), (94, 1466)], [(94, 1466), (299, 1466)], [(299, 1466), (299, 1226)], [(299, 1226), (254, 947)], [(254, 947), (144, 947)], [(475, 947), (426, 1226)], [(426, 1226), (426, 1466)], [(426, 1466), (631, 1466)], [(631, 1466), (631, 1226)], [(631, 1226), (583, 947)], [(583, 947), (475, 947)]]
"#", 1139, 2229, [[(103, -25), (190, 401)], [(190, 401), (21, 401)], [(21, 401), (21, 550)], [(21, 550), (220, 550)], [(220, 550), (294, 913)], [(294, 913), (21, 913)], [(21, 913), (21, 1062)], [(21, 1062), (324, 1062)], [(324, 1062), (411, 1491)], [(411, 1491), (561, 1491)], [(561, 1491), (474, 1062)], [(474, 1062), (789, 1062)], [(789, 1062), (876, 1491)], [(876, 1491), (1027, 1491)], [(1027, 1491), (940, 1062)], [(940, 1062), (1113, 1062)], [(1113, 1062), (1113, 913)], [(1113, 913), (910, 913)], [(910, 913), (835, 550)], [(835, 550), (1113, 550)], [(1113, 550), (1113, 401)], [(1113, 401), (805, 401)], [(805, 401), (718, -25)], [(718, -25), (568, -25)], [(568, -25), (654, 401)], [(654, 401), (340, 401)], [(340, 401), (253, -25)], [(253, -25), (103, -25)], [(370, 550), (684, 550)], [(684, 550), (759, 913)], [(759, 913), (444, 913)], [(444, 913), (370, 550)]]
"$", 1139, 2229, [[(510, -211), (510, -31)], [(510, -31), (375, -14), (206, 73), (83, 267), (73, 407)], [(73, 407), (254, 441)], [(254, 441), (275, 296), (328, 228)], [(328, 228), (404, 132), (510, 121)], [(510, 121), (510, 694)], [(510, 694), (399, 715), (283, 780)], [(283, 780), (197, 828), (104, 998), (104, 1106)], [(104, 1106), (104, 1298), (240, 1417)], [(240, 1417), (331, 1497), (510, 1515)], [(510, 1515), (510, 1601)], [(510, 1601), (616, 1601)], [(616, 1601), (616, 1515)], [(616, 1515), (773, 1500), (865, 1423)], [(865, 1423), (983, 1325), (1007, 1154)], [(1007, 1154), (821, 1126)], [(821, 1126), (805, 1232), (704, 1345), (616, 1363)], [(616, 1363), (616, 844)], [(616, 844), (752, 810), (796, 791)], [(796, 791), (880, 754), (986, 648), (1043, 502), (1043, 417)], [(1043, 417), (1043, 230), (805, -20), (616, -29)], [(616, -29), (616, -211)], [(616, -211), (510, -211)], [(510, 1365), (405, 1349), (284, 1213), (284, 1120)], [(284, 1120), (284, 1028), (387, 904), (510, 867)], [(510, 867), (510, 1365)], [(616, 121), (721, 134), (858, 290), (858, 405)], [(858, 405), (858, 503), (761, 622), (616, 669)], [(616, 669), (616, 121)]]
"%", 1821, 2229, [[(119, 1114), (119, 1271), (277, 1491), (427, 1491)], [(427, 1491), (565, 1491), (746, 1294), (746, 1103)], [(746, 1103), (746, 917), (563, 716), (429, 716)], [(429, 716), (296, 716), (119, 914), (119, 1114)], [(432, 1367), (365, 1367), (276, 1251), (276, 1096)], [(276, 1096), (276, 955), (366, 840), (432, 840)], [(432, 840), (500, 840), (589, 956), (589, 1110)], [(589, 1110), (589, 1252), (499, 1367), (432, 1367)], [(433, -54), (1235, 1491)], [(1235, 1491), (1381, 1491)], [(1381, 1491), (582, -54)], [(582, -54), (433, -54)], [(1067, 344), (1067, 502), (1225, 721), (1376, 721)], [(1376, 721), (1514, 721), (1695, 524), (1695, 333)], [(1695, 333), (1695, 147), (1512, -54), (1377, -54)], [(1377, -54), (1244, -54), (1067, 145), (1067, 344)], [(1381, 597), (1313, 597), (1224, 481), (1224, 326)], [(1224, 326), (1224, 186), (1314, 70), (1380, 70)], [(1380, 70), (1449, 70), (1538, 186), (1538, 340)], [(1538, 340), (1538, 482), (1448, 597), (1381, 597)]]
"&", 1366, 2229, [[(973, 173), (884, 74), (674, -25), (552, -25)], [(552, -25), (327, -25), (195, 127)], [(195, 127), (88, 251), (88, 404)], [(88, 404), (88, 540), (263, 759), (437, 842)], [(437, 842), (338, 956), (272, 1098), (272, 1164)], [(272, 1164), (272, 1296), (479, 1491), (636, 1491)], [(636, 1491), (786, 1491), (977, 1307), (977, 1178)], [(977, 1178), (977, 969), (700, 821)], [(700, 821), (963, 486)], [(963, 486), (1008, 574), (1033, 690)], [(1033, 690), (1220, 650)], [(1220, 650), (1172, 458), (1090, 334)], [(1090, 334), (1191, 200), (1319, 109)], [(1319, 109), (1198, -34)], [(1198, -34), (1089, 36), (973, 173)], [(607, 937), (724, 1006), (793, 1110), (793, 1173)], [(793, 1173), (793, 1248), (698, 1343), (627, 1343)], [(627, 1343), (554, 1343), (457, 1249), (457, 1181)], [(457, 1181), (457, 1147), (492, 1072), (527, 1030)], [(527, 1030), (607, 937)], [(860, 315), (530, 724)], [(530, 724), (384, 637), (282, 488), (282, 415)], [(282, 415), (282, 326), (424, 134), (554, 134)], [(554, 134), (635, 134), (808, 235), (860, 315)]]
"'", 391, 2229, [[(136, 947), (90, 1221)], [(90, 1221), (90, 1466)], [(90, 1466), (295, 1466)], [(295, 1466), (295, 1221)], [(295, 1221), (247, 947)], [(247, 947), (136, 947)]]
"(", 682, 2229, [[(479, -431), (330, -243), (124, 261), (124, 531)], [(124, 531), (124, 769), (201, 987)], [(201, 987), (291, 1240), (479, 1491)], [(479, 1491), (608, 1491)], [(608, 1491), (487, 1283), (448, 1194)], [(448, 1194), (387, 1056), (352, 906)], [(352, 906), (309, 719), (309, 530)], [(309, 530), (309, 49), (608, -431)], [(608, -431), (479, -431)]]
")", 682, 2229, [[(253, -431), (124, -431)], [(124, -431), (423, 49), (423, 530)], [(423, 530), (423, 718), (380, 903)], [(380, 903), (346, 1053), (285, 1191)], [(285, 1191), (246, 1281), (124, 1491)], [(124, 1491), (253, 1491)], [(253, 1491), (441, 1240), (531, 987)], [(531, 987), (608, 769), (608, 531)], [(608, 531), (608, 261), (401, -243), (253, -431)]]
"*", 797, 2229, [[(64, 1197), (110, 1339)], [(110, 1339), (269, 1283), (341, 1242)], [(341, 1242), (322, 1423), (321, 1491)], [(321, 1491), (466, 1491)], [(466, 1491), (463, 1392), (443, 1243)], [(443, 1243), (546, 1295), (679, 1339)], [(679, 1339), (725, 1197)], [(725, 1197), (598, 1155), (476, 1141)], [(476, 1141), (537, 1088), (648, 952)], [(648, 952), (528, 867)], [(528, 867), (470, 946), (391, 1082)], [(391, 1082), (317, 941), (261, 867)], [(261, 867), (143, 952)], [(143, 952), (259, 1095), (309, 1141)], [(309, 1141), (180, 1166), (64, 1197)]]
"+", 1196, 2229, [[(513, 237), (513, 639)], [(513, 639), (114, 639)], [(114, 639), (114, 807)], [(114, 807), (513, 807)], [(513, 807), (513, 1206)], [(513, 1206), (683, 1206)], [(683, 1206), (683, 807)], [(683, 807), (1082, 807)], [(1082, 807), (1082, 639)], [(1082, 639), (683, 639)], [(683, 639), (683, 237)], [(683, 237), (513, 237)]]
",", 569, 2229, [[(182, 0), (182, 205)], [(182, 205), (387, 205)], [(387, 205), (387, 0)], [(387, 0), (387, -113), (307, -252), (220, -290)], [(220, -290), (170, -213)], [(170, -213), (227, -188), (281, -91), (284, 0)], [(284, 0), (182, 0)]]
"-", 682, 2229, [[(65, 440), (65, 621)], [(65, 621), (618, 621)], [(618, 621), (618, 440)], [(618, 440), (65, 440)]]
".", 569, 2229, [[(186, 0), (186, 205)], [(186, 205), (391, 205)], [(391, 205), (391, 0)], [(391, 0), (186, 0)]]
"/", 569, 2229, [[(0, -25), (425, 1491)], [(425, 1491), (569, 1491)], [(569, 1491), (145, -25)], [(145, -25), (0, -25)]]
"0", 1139, 2229, [[(85, 723), (85, 983), (192, 1300), (403, 1472), (563, 1472)], [(563, 1472), (681, 1472), (859, 1377), (975, 1198), (1041, 941), (1041, 723)], [(1041, 723), (1041, 465), (935, 148), (724, -25), (563, -25)], [(563, -25), (351, -25), (230, 127)], [(230, 127), (85, 310), (85, 723)], [(270, 723), (270, 362), (439, 123), (563, 123)], [(563, 123), (687, 123), (856, 363), (856, 723)], [(856, 723), (856, 1085), (687, 1323), (561, 1323)], [(561, 1323), (437, 1323), (363, 1218)], [(363, 1218), (270, 1084), (270, 723)]]
"1", 1139, 2229, [[(763, 0), (583, 0)], [(583, 0), (583, 1147)], [(583, 1147), (518, 1085), (307, 961), (223, 930)], [(223, 930), (223, 1104)], [(223, 1104), (374, 1175), (600, 1377), (647, 1472)], [(647, 1472), (763, 1472)], [(763, 1472), (763, 0)]]
"2", 1139, 2229, [[(1031, 173), (1031, 0)], [(1031, 0), (62, 0)], [(62, 0), (60, 65), (83, 125)], [(83, 125), (120, 224), (283, 416), (437, 542)], [(437, 542), (676, 738), (844, 967), (844, 1069)], [(844, 1069), (844, 1176), (691, 1323), (568, 1323)], [(568, 1323), (438, 1323), (282, 1167), (281, 1029)], [(281, 1029), (96, 1048)], [(96, 1048), (115, 1255), (363, 1472), (572, 1472)], [(572, 1472), (783, 1472), (1029, 1238), (1029, 1065)], [(1029, 1065), (1029, 977), (957, 807), (790, 619), (596, 455)], [(596, 455), (434, 319), (342, 222), (312, 173)], [(312, 173), (1031, 173)]]
"3", 1139, 2229, [[(86, 387), (266, 411)], [(266, 411), (297, 258), (446, 123), (553, 123)], [(553, 123), (680, 123), (855, 299), (855, 429)], [(855, 429), (855, 553), (693, 714), (568, 714)], [(568, 714), (517, 714), (441, 694)], [(441, 694), (461, 852)], [(461, 852), (479, 850), (490, 850)], [(490, 850), (605, 850), (789, 970), (789, 1095)], [(789, 1095), (789, 1194), (655, 1324), (549, 1324)], [(549, 1324), (444, 1324), (304, 1192), (284, 1060)], [(284, 1060), (104, 1092)], [(104, 1092), (137, 1273), (371, 1472), (545, 1472)], [(545, 1472), (665, 1472), (867, 1369), (974, 1191), (974, 1091)], [(974, 1091), (974, 996), (872, 840), (772, 794)], [(772, 794), (902, 764), (1046, 575), (1046, 433)], [(1046, 433), (1046, 241), (766, -26), (552, -26)], [(552, -26), (359, -26), (104, 204), (86, 387)]]
"4", 1139, 2229, [[(662, 0), (662, 351)], [(662, 351), (26, 351)], [(26, 351), (26, 516)], [(26, 516), (695, 1466)], [(695, 1466), (842, 1466)], [(842, 1466), (842, 516)], [(842, 516), (1040, 516)], [(1040, 516), (1040, 351)], [(1040, 351), (842, 351)], [(842, 351), (842, 0)], [(842, 0), (662, 0)], [(662, 516), (662, 1177)], [(662, 1177), (203, 516)], [(203, 516), (662, 516)]]
"5", 1139, 2229, [[(85, 384), (274, 400)], [(274, 400), (295, 262), (448, 123), (556, 123)], [(556, 123), (686, 123), (866, 319), (866, 481)], [(866, 481), (866, 635), (693, 813), (553, 813)], [(553, 813), (466, 813), (326, 734), (286, 671)], [(286, 671), (117, 693)], [(117, 693), (259, 1446)], [(259, 1446), (988, 1446)], [(988, 1446), (988, 1274)], [(988, 1274), (403, 1274)], [(403, 1274), (324, 880)], [(324, 880), (456, 972), (601, 972)], [(601, 972), (793, 972), (1057, 706), (1057, 497)], [(1057, 497), (1057, 298), (941, 153)], [(941, 153), (800, -25), (556, -25)], [(556, -25), (356, -25), (103, 199), (85, 384)]]
"6", 1139, 2229, [[(1019, 1107), (840, 1093)], [(840, 1093), (816, 1199), (772, 1247)], [(772, 1247), (699, 1324), (592, 1324)], [(592, 1324), (506, 1324), (441, 1276)], [(441, 1276), (356, 1214), (258, 976), (256, 756)], [(256, 756), (321, 855), (509, 951), (612, 951)], [(612, 951), (792, 951), (1045, 686), (1045, 476)], [(1045, 476), (1045, 338), (926, 101), (718, -25), (586, -25)], [(586, -25), (361, -25), (77, 306), (77, 686)], [(77, 686), (77, 1111), (234, 1304)], [(234, 1304), (371, 1472), (603, 1472)], [(603, 1472), (776, 1472), (997, 1278), (1019, 1107)], [(284, 475), (284, 382), (363, 212), (505, 123), (583, 123)], [(583, 123), (697, 123), (861, 307), (861, 465)], [(861, 465), (861, 617), (699, 792), (576, 792)], [(576, 792), (454, 792), (284, 617), (284, 475)]]
"7", 1139, 2229, [[(97, 1274), (97, 1447)], [(97, 1447), (1046, 1447)], [(1046, 1447), (1046, 1307)], [(1046, 1307), (906, 1158), (631, 664), (556, 403)], [(556, 403), (502, 219), (487, 0)], [(487, 0), (302, 0)], [(302, 0), (305, 173), (435, 663), (678, 1118), (815, 1274)], [(815, 1274), (97, 1274)]]
"8", 1139, 2229, [[(362, 795), (250, 836), (142, 988), (142, 1094)], [(142, 1094), (142, 1254), (372, 1472), (563, 1472)], [(563, 1472), (755, 1472), (989, 1249), (989, 1089)], [(989, 1089), (989, 987), (882, 836), (773, 795)], [(773, 795), (908, 751), (1049, 555), (1049, 419)], [(1049, 419), (1049, 231), (783, -25), (566, -25)], [(566, -25), (349, -25), (83, 232), (83, 424)], [(83, 424), (83, 567), (228, 760), (362, 795)], [(326, 1100), (326, 996), (460, 864), (567, 864)], [(567, 864), (671, 864), (804, 995), (804, 1090)], [(804, 1090), (804, 1189), (667, 1324), (565, 1324)], [(565, 1324), (462, 1324), (326, 1192), (326, 1100)], [(268, 423), (268, 346), (341, 202), (485, 123), (568, 123)], [(568, 123), (697, 123), (865, 289), (865, 417)], [(865, 417), (865, 547), (692, 717), (562, 717)], [(562, 717), (435, 717), (268, 549), (268, 423)]]
"9", 1139, 2229, [[(112, 339), (285, 355)], [(285, 355), (307, 233), (431, 123), (528, 123)], [(528, 123), (611, 123), (736, 199), (816, 326), (870, 542), (870, 654)], [(870, 654), (870, 666), (869, 690)], [(869, 690), (815, 604), (628, 497), (519, 497)], [(519, 497), (337, 497), (85, 761), (85, 977)], [(85, 977), (85, 1200), (348, 1472), (546, 1472)], [(546, 1472), (689, 1472), (926, 1318), (1049, 1033), (1049, 763)], [(1049, 763), (1049, 482), (927, 149), (686, -25), (524, -25)], [(524, -25), (352, -25), (134, 166), (112, 339)], [(849, 986), (849, 1141), (684, 1323), (568, 1323)], [(568, 1323), (448, 1323), (270, 1127), (270, 971)], [(270, 971), (270, 831), (439, 656), (563, 656)], [(563, 656), (688, 656), (849, 831), (849, 986)]]
":", 569, 2229, [[(185, 857), (185, 1062)], [(185, 1062), (390, 1062)], [(390, 1062), (390, 857)], [(390, 857), (185, 857)], [(185, 0), (185, 205)], [(185, 205), (390, 205)], [(390, 205), (390, 0)], [(390, 0), (185, 0)]]
";", 569, 2229, [[(182, 857), (182, 1062)], [(182, 1062), (387, 1062)], [(387, 1062), (387, 857)], [(387, 857), (182, 857)], [(182, 0), (182, 205)], [(182, 205), (387, 205)], [(387, 205), (387, 0)], [(387, 0), (387, -113), (307, -252), (220, -290)], [(220, -290), (170, -213)], [(170, -213), (227, -188), (281, -91), (284, 0)], [(284, 0), (182, 0)]]
"<", 1196, 2229, [[(112, 641), (112, 809)], [(112, 809), (1083, 1219)], [(1083, 1219), (1083, 1040)], [(1083, 1040), (313, 724)], [(313, 724), (1083, 405)], [(1083, 405), (1083, 226)], [(1083, 226), (112, 641)]]
"=", 1196, 2229, [[(1082, 862), (114, 862)], [(114, 862), (114, 1030)], [(114, 1030), (1082, 1030)], [(1082, 1030), (1082, 862)], [(1082, 417), (114, 417)], [(114, 417), (114, 585)], [(114, 585), (1082, 585)], [(1082, 585), (1082, 417)]]
">", 1196, 2229, [[(1083, 641), (112, 226)], [(112, 226), (112, 405)], [(112, 405), (881, 724)], [(881, 724), (112, 1040)], [(112, 1040), (112, 1219)], [(112, 1219), (1083, 809)], [(1083, 809), (1083, 641)]]
"?", 1139, 2229, [[(472, 361), (471, 397), (471, 415)], [(471, 415), (471, 521), (501, 598)], [(501, 598), (523, 656), (572, 715)], [(572, 715), (608, 758), (795, 923), (851, 1021), (851, 1079)], [(851, 1079), (851, 1184), (687, 1343), (568, 1343)], [(568, 1343), (453, 1343), (299, 1199), (275, 1046)], [(275, 1046), (90, 1068)], [(90, 1068), (115, 1273), (362, 1491), (565, 1491)], [(565, 1491), (780, 1491), (1036, 1257), (1036, 1091)], [(1036, 1091), (1036, 995), (946, 833), (815, 717)], [(815, 717), (727, 639), (673, 565), (647, 469), (645, 361)], [(645, 361), (472, 361)], [(461, 0), (461, 205)], [(461, 205), (666, 205)], [(666, 205), (666, 0)], [(666, 0), (461, 0)]]
"@", 2079, 2229, [[(1161, 163), (1096, 88), (935, -3), (854, -3)], [(854, -3), (765, -3), (597, 101), (492, 317), (492, 446)], [(492, 446), (492, 605), (655, 924), (897, 1084), (1011, 1084)], [(1011, 1084), (1098, 1084), (1256, 993), (1313, 900)], [(1313, 900), (1347, 1055)], [(1347, 1055), (1526, 1055)], [(1526, 1055), (1382, 384)], [(1382, 384), (1352, 244), (1352, 229)], [(1352, 229), (1352, 202), (1393, 163), (1422, 163)], [(1422, 163), (1475, 163), (1561, 224)], [(1561, 224), (1675, 304), (1808, 573), (1808, 716)], [(1808, 716), (1808, 883), (1637, 1173), (1298, 1347), (1093, 1347)], [(1093, 1347), (859, 1347), (472, 1128), (259, 719), (259, 485)], [(259, 485), (259, 240), (472, -114), (875, -283), (1120, -283)], [(1120, -283), (1382, -283), (1736, -107), (1824, 19)], [(1824, 19), (2005, 19)], [(2005, 19), (1954, -86), (1706, -304), (1364, -431), (1123, -431)], [(1123, -431), (901, -431), (526, -317), (262, -88), (195, 61)], [(195, 61), (111, 250), (111, 469)], [(111, 469), (111, 713), (211, 934)], [(211, 934), (333, 1205), (782, 1493), (1102, 1493)], [(1102, 1493), (1350, 1493), (1745, 1290), (1859, 1089)], [(1859, 1089), (1956, 916), (1956, 713)], [(1956, 713), (1956, 423), (1752, 198)], [(1752, 198), (1570, -4), (1354, -4)], [(1354, -4), (1285, -4), (1200, 38), (1180, 77)], [(1180, 77), (1167, 102), (1161, 163)], [(677, 434), (677, 297), (807, 145), (891, 145)], [(891, 145), (947, 145), (1071, 212), (1184, 344), (1256, 547), (1256, 649)], [(1256, 649), (1256, 785), (1121, 935), (1024, 935)], [(1024, 935), (960, 935), (847, 870), (741, 726), (677, 520), (677, 434)]]
"A", 1366, 2229, [[(-3, 0), (560, 1466)], [(560, 1466), (769, 1466)], [(769, 1466), (1369, 0)], [(1369, 0), (1148, 0)], [(1148, 0), (977, 444)], [(977, 444), (364, 444)], [(364, 444), (203, 0)], [(203, 0), (-3, 0)], [(420, 602), (917, 602)], [(917, 602), (764, 1008)], [(764, 1008), (694, 1193), (660, 1312)], [(660, 1312), (632, 1171), (581, 1032)], [(581, 1032), (420, 602)]]
"B", 1366, 2229, [[(150, 0), (150, 1466)], [(150, 1466), (700, 1466)], [(700, 1466), (868, 1466), (1071, 1377), (1186, 1192), (1186, 1091)], [(1186, 1091), (1186, 997), (1084, 831), (981, 780)], [(981, 780), (1114, 741), (1257, 553), (1257, 425)], [(1257, 425), (1257, 322), (1170, 145), (1042, 49), (849, 0), (709, 0)], [(709, 0), (150, 0)], [(344, 850), (661, 850)], [(661, 850), (790, 850), (846, 867)], [(846, 867), (920, 889), (995, 991), (995, 1068)], [(995, 1068), (995, 1141), (925, 1252), (795, 1293), (637, 1293)], [(637, 1293), (344, 1293)], [(344, 1293), (344, 850)], [(344, 173), (709, 173)], [(709, 173), (803, 173), (841, 180)], [(841, 180), (908, 192), (998, 248), (1056, 355), (1056, 425)], [(1056, 425), (1056, 507), (972, 628), (823, 677), (683, 677)], [(683, 677), (344, 677)], [(344, 677), (344, 173)]]
"C", 1479, 2229, [[(1204, 514), (1398, 465)], [(1398, 465), (1337, 226), (1020, -25), (791, -25)], [(791, -25), (554, -25), (257, 168), (102, 534), (102, 744)], [(102, 744), (102, 973), (277, 1314), (600, 1491), (794, 1491)], [(794, 1491), (1014, 1491), (1314, 1267), (1373, 1064)], [(1373, 1064), (1182, 1019)], [(1182, 1019), (1131, 1179), (937, 1325), (790, 1325)], [(790, 1325), (621, 1325), (394, 1163), (302, 890), (302, 745)], [(302, 745), (302, 558), (411, 279), (641, 141), (775, 141)], [(775, 141), (938, 141), (1164, 329), (1204, 514)]]
"D", 1479, 2229, [[(158, 0), (158, 1466)], [(158, 1466), (663, 1466)], [(663, 1466), (834, 1466), (924, 1445)], [(924, 1445), (1050, 1416), (1139, 1340)], [(1139, 1340), (1255, 1242), (1370, 937), (1370, 741)], [(1370, 741), (1370, 574), (1292, 316), (1170, 147), (1025, 50), (820, 0), (687, 0)], [(687, 0), (158, 0)], [(352, 173), (665, 173)], [(665, 173), (810, 173), (975, 227), (1024, 276)], [(1024, 276), (1093, 345), (1170, 578), (1170, 744)], [(1170, 744), (1170, 974), (1019, 1221), (911, 1263)], [(911, 1263), (833, 1293), (660, 1293)], [(660, 1293), (352, 1293)], [(352, 1293), (352, 173)]]
"E", 1366, 2229, [[(162, 0), (162, 1466)], [(162, 1466), (1222, 1466)], [(1222, 1466), (1222, 1293)], [(1222, 1293), (356, 1293)], [(356, 1293), (356, 844)], [(356, 844), (1167, 844)], [(1167, 844), (1167, 672)], [(1167, 672), (356, 672)], [(356, 672), (356, 173)], [(356, 173), (1256, 173)], [(1256, 173), (1256, 0)], [(1256, 0), (162, 0)]]
"F", 1251, 2229, [[(168, 0), (168, 1466)], [(168, 1466), (1157, 1466)], [(1157, 1466), (1157, 1293)], [(1157, 1293), (362, 1293)], [(362, 1293), (362, 839)], [(362, 839), (1050, 839)], [(1050, 839), (1050, 666)], [(1050, 666), (362, 666)], [(362, 666), (362, 0)], [(362, 0), (168, 0)]]
"G", 1593, 2229, [[(844, 575), (844, 747)], [(844, 747), (1465, 748)], [(1465, 748), (1465, 204)], [(1465, 204), (1322, 90), (1018, -25), (858, -25)], [(858, -25), (642, -25), (289, 160), (109, 510), (109, 726)], [(109, 726), (109, 940), (288, 1311), (624, 1491), (843, 1491)], [(843, 1491), (1002, 1491), (1259, 1388), (1405, 1204), (1443, 1056)], [(1443, 1056), (1268, 1008)], [(1268, 1008), (1235, 1120), (1137, 1248), (955, 1325), (844, 1325)], [(844, 1325), (711, 1325), (517, 1244), (398, 1112), (365, 1033)], [(365, 1033), (309, 897), (309, 738)], [(309, 738), (309, 542), (444, 278), (702, 150), (847, 150)], [(847, 150), (973, 150), (1213, 247), (1275, 302)], [(1275, 302), (1275, 575)], [(1275, 575), (844, 575)]]
"H", 1479, 2229, [[(164, 0), (164, 1466)], [(164, 1466), (358, 1466)], [(358, 1466), (358, 864)], [(358, 864), (1120, 864)], [(1120, 864), (1120, 1466)], [(1120, 1466), (1314, 1466)], [(1314, 1466), (1314, 0)], [(1314, 0), (1120, 0)], [(1120, 0), (1120, 691)], [(1120, 691), (358, 691)], [(358, 691), (358, 0)], [(358, 0), (164, 0)]]
"I", 569, 2229, [[(191, 0), (191, 1466)], [(191, 1466), (385, 1466)], [(385, 1466), (385, 0)], [(385, 0), (191, 0)]]
"J", 1024, 2229, [[(59, 416), (234, 440)], [(234, 440), (241, 272), (353, 148), (452, 148)], [(452, 148), (525, 148), (631, 215), (671, 330), (671, 456)], [(671, 456), (671, 1466)], [(671, 1466), (865, 1466)], [(865, 1466), (865, 467)], [(865, 467), (865, 283), (776, 81), (583, -25), (453, -25)], [(453, -25), (260, -25), (55, 197), (59, 416)]]
"K", 1366, 2229, [[(150, 0), (150, 1466)], [(150, 1466), (344, 1466)], [(344, 1466), (344, 739)], [(344, 739), (1072, 1466)], [(1072, 1466), (1335, 1466)], [(1335, 1466), (720, 872)], [(720, 872), (1362, 0)], [(1362, 0), (1106, 0)], [(1106, 0), (584, 742)], [(584, 742), (344, 508)], [(344, 508), (344, 0)], [(344, 0), (150, 0)]]
"L", 1139, 2229, [[(150, 0), (150, 1466)], [(150, 1466), (344, 1466)], [(344, 1466), (344, 173)], [(344, 173), (1066, 173)], [(1066, 173), (1066, 0)], [(1066, 0), (150, 0)]]
"M", 1706, 2229, [[(152, 0), (152, 1466)], [(152, 1466), (444, 1466)], [(444, 1466), (791, 428)], [(791, 428), (839, 283), (861, 211)], [(861, 211), (886, 291), (939, 446)], [(939, 446), (1290, 1466)], [(1290, 1466), (1551, 1466)], [(1551, 1466), (1551, 0)], [(1551, 0), (1364, 0)], [(1364, 0), (1364, 1227)], [(1364, 1227), (938, 0)], [(938, 0), (763, 0)], [(763, 0), (339, 1248)], [(339, 1248), (339, 0)], [(339, 0), (152, 0)]]
"N", 1479, 2229, [[(156, 0), (156, 1466)], [(156, 1466), (355, 1466)], [(355, 1466), (1125, 315)], [(1125, 315), (1125, 1466)], [(1125, 1466), (1311, 1466)], [(1311, 1466), (1311, 0)], [(1311, 0), (1112, 0)], [(1112, 0), (342, 1152)], [(342, 1152), (342, 0)], [(342, 0), (156, 0)]]
"O", 1593, 2229, [[(99, 714), (99, 1079), (491, 1492), (801, 1492)], [(801, 1492), (1004, 1492), (1330, 1298), (1501, 951), (1501, 731)], [(1501, 731), (1501, 508), (1321, 156), (991, -25), (800, -25)], [(800, -25), (593, -25), (267, 175), (99, 521), (99, 714)], [(299, 711), (299, 446), (584, 141), (799, 141)], [(799, 141), (1018, 141), (1301, 449), (1301, 732)], [(1301, 732), (1301, 911), (1180, 1178), (947, 1325), (802, 1325)], [(802, 1325), (596, 1325), (299, 1042), (299, 711)]]
"P", 1366, 2229, [[(158, 0), (158, 1466)], [(158, 1466), (711, 1466)], [(711, 1466), (857, 1466), (934, 1452)], [(934, 1452), (1042, 1434), (1188, 1333), (1277, 1151), (1277, 1042)], [(1277, 1042), (1277, 855), (1039, 596), (728, 596)], [(728, 596), (352, 596)], [(352, 596), (352, 0)], [(352, 0), (158, 0)], [(352, 769), (731, 769)], [(731, 769), (919, 769), (1077, 909), (1077, 1036)], [(1077, 1036), (1077, 1128), (984, 1259), (908, 1280)], [(908, 1280), (859, 1293), (727, 1293)], [(727, 1293), (352, 1293)], [(352, 1293), (352, 769)]]
"Q", 1593, 2229, [[(1269, 157), (1404, 64), (1518, 21)], [(1518, 21), (1461, -114)], [(1461, -114), (1303, -57), (1146, 66)], [(1146, 66), (983, -25), (786, -25)], [(786, -25), (587, -25), (263, 167), (88, 515), (88, 733)], [(88, 733), (88, 950), (264, 1306), (589, 1492), (790, 1492)], [(790, 1492), (993, 1492), (1319, 1299), (1490, 952), (1490, 734)], [(1490, 734), (1490, 553), (1380, 264), (1269, 157)], [(842, 405), (1010, 358), (1119, 265)], [(1119, 265), (1290, 421), (1290, 734)], [(1290, 734), (1290, 912), (1169, 1178), (936, 1325), (791, 1325)], [(791, 1325), (574, 1325), (288, 1028), (288, 733)], [(288, 733), (288, 447), (571, 141), (791, 141)], [(791, 141), (895, 141), (987, 180)], [(987, 180), (896, 239), (795, 264)], [(795, 264), (842, 405)]]
"R", 1479, 2229, [[(161, 0), (161, 1466)], [(161, 1466), (811, 1466)], [(811, 1466), (1007, 1466), (1211, 1387), (1333, 1187), (1333, 1066)], [(1333, 1066), (1333, 910), (1131, 696), (920, 667)], [(920, 667), (997, 630), (1037, 594)], [(1037, 594), (1122, 516), (1198, 399)], [(1198, 399), (1453, 0)], [(1453, 0), (1209, 0)], [(1209, 0), (1015, 305)], [(1015, 305), (930, 437), (820, 577), (733, 633), (688, 644)], [(688, 644), (655, 651), (580, 651)], [(580, 651), (355, 651)], [(355, 651), (355, 0)], [(355, 0), (161, 0)], [(355, 819), (772, 819)], [(772, 819), (905, 819), (1055, 874), (1133, 995), (1133, 1066)], [(1133, 1066), (1133, 1170), (982, 1304), (819, 1304)], [(819, 1304), (355, 1304)], [(355, 1304), (355, 819)]]
"S", 1366, 2229, [[(92, 471), (275, 487)], [(275, 487), (288, 377), (383, 236), (583, 149), (708, 149)], [(708, 149), (819, 149), (989, 215), (1072, 330), (1072, 398)], [(1072, 398), (1072, 467), (992, 570), (900, 605)], [(900, 605), (841, 628), (437, 725), (356, 768)], [(356, 768), (251, 823), (148, 986), (148, 1087)], [(148, 1087), (148, 1198), (274, 1391), (516, 1491), (664, 1491)], [(664, 1491), (827, 1491), (1076, 1386), (1210, 1182), (1215, 1053)], [(1215, 1053), (1029, 1039)], [(1029, 1039), (1014, 1178), (841, 1320), (672, 1320)], [(672, 1320), (496, 1320), (335, 1191), (335, 1100)], [(335, 1100), (335, 1021), (392, 970)], [(392, 970), (448, 919), (921, 812), (1009, 772)], [(1009, 772), (1137, 713), (1259, 532), (1259, 414)], [(1259, 414), (1259, 297), (1125, 90), (874, -25), (717, -25)], [(717, -25), (518, -25), (249, 91), (96, 324), (92, 471)]]
"T", 1251, 2229, [[(531, 0), (531, 1293)], [(531, 1293), (48, 1293)], [(48, 1293), (48, 1466)], [(48, 1466), (1210, 1466)], [(1210, 1466), (1210, 1293)], [(1210, 1293), (725, 1293)], [(725, 1293), (725, 0)], [(725, 0), (531, 0)]]
"U", 1479, 2229, [[(1120, 1466), (1314, 1466)], [(1314, 1466), (1314, 619)], [(1314, 619), (1314, 398), (1214, 138), (953, -25), (741, -25)], [(741, -25), (535, -25), (273, 117), (161, 386), (161, 619)], [(161, 619), (161, 1466)], [(161, 1466), (355, 1466)], [(355, 1466), (355, 620)], [(355, 620), (355, 429), (426, 248), (599, 150), (724, 150)], [(724, 150), (938, 150), (1120, 344), (1120, 620)], [(1120, 620), (1120, 1466)]]
"V", 1366, 2229, [[(577, 0), (9, 1466)], [(9, 1466), (219, 1466)], [(219, 1466), (600, 401)], [(600, 401), (646, 273), (677, 161)], [(677, 161), (711, 281), (756, 401)], [(756, 401), (1152, 1466)], [(1152, 1466), (1350, 1466)], [(1350, 1466), (776, 0)], [(776, 0), (577, 0)]]
"W", 1933, 2229, [[(414, 0), (25, 1466)], [(25, 1466), (224, 1466)], [(224, 1466), (447, 505)], [(447, 505), (483, 354), (509, 205)], [(509, 205), (565, 440), (575, 476)], [(575, 476), (854, 1466)], [(854, 1466), (1088, 1466)], [(1088, 1466), (1298, 724)], [(1298, 724), (1377, 448), (1412, 205)], [(1412, 205), (1440, 344), (1485, 524)], [(1485, 524), (1715, 1466)], [(1715, 1466), (1910, 1466)], [(1910, 1466), (1508, 0)], [(1508, 0), (1321, 0)], [(1321, 0), (1012, 1117)], [(1012, 1117), (973, 1257), (966, 1289)], [(966, 1289), (943, 1188), (923, 1117)], [(923, 1117), (612, 0)], [(612, 0), (414, 0)]]
"X", 1366, 2229, [[(9, 0), (576, 764)], [(576, 764), (76, 1466)], [(76, 1466), (307, 1466)], [(307, 1466), (573, 1090)], [(573, 1090), (656, 973), (691, 910)], [(691, 910), (740, 990), (807, 1077)], [(807, 1077), (1102, 1466)], [(1102, 1466), (1313, 1466)], [(1313, 1466), (798, 775)], [(798, 775), (1353, 0)], [(1353, 0), (1113, 0)], [(1113, 0), (744, 523)], [(744, 523), (713, 568), (680, 621)], [(680, 621), (631, 541), (610, 511)], [(610, 511), (242, 0)], [(242, 0), (9, 0)]]
"Y", 1366, 2229, [[(571, 0), (571, 621)], [(571, 621), (6, 1466)], [(6, 1466), (242, 1466)], [(242, 1466), (531, 1024)], [(531, 1024), (611, 900), (680, 776)], [(680, 776), (746, 891), (840, 1035)], [(840, 1035), (1124, 1466)], [(1124, 1466), (1350, 1466)], [(1350, 1466), (765, 621)], [(765, 621), (765, 0)], [(765, 0), (571, 0)]]
"Z", 1251, 2229, [[(41, 0), (41, 180)], [(41, 180), (792, 1119)], [(792, 1119), (872, 1219), (944, 1293)], [(944, 1293), (126, 1293)], [(126, 1293), (126, 1466)], [(126, 1466), (1176, 1466)], [(1176, 1466), (1176, 1293)], [(1176, 1293), (353, 276)], [(353, 276), (264, 173)], [(264, 173), (1200, 173)], [(1200, 173), (1200, 0)], [(1200, 0), (41, 0)]]
"[", 569, 2229, [[(139, -407), (139, 1466)], [(139, 1466), (536, 1466)], [(536, 1466), (536, 1317)], [(536, 1317), (319, 1317)], [(319, 1317), (319, -258)], [(319, -258), (536, -258)], [(536, -258), (536, -407)], [(536, -407), (139, -407)]]
"\\", 569, 2229, [[(425, -25), (0, 1491)], [(0, 1491), (145, 1491)], [(145, 1491), (569, -25)], [(569, -25), (425, -25)]]
"]", 569, 2229, [[(436, -407), (39, -407)], [(39, -407), (39, -258)], [(39, -258), (256, -258)], [(256, -258), (256, 1317)], [(256, 1317), (39, 1317)], [(39, 1317), (39, 1466)], [(39, 1466), (436, 1466)], [(436, 1466), (436, -407)]]
"^", 961, 2229, [[(239, 690), (54, 690)], [(54, 690), (407, 1491)], [(407, 1491), (552, 1491)], [(552, 1491), (907, 690)], [(907, 690), (726, 690)], [(726, 690), (479, 1287)], [(479, 1287), (239, 690)]]
"_", 1139, 2229, [[(-31, -407), (-31, -277)], [(-31, -277), (1162, -277)], [(1162, -277), (1162, -407)], [(1162, -407), (-31, -407)]]
"`", 682, 2229, [[(465, 1194), (320, 1194)], [(320, 1194), (89, 1474)], [(89, 1474), (330, 1474)], [(330, 1474), (465, 1194)]]
"a", 1139, 2229, [[(828, 131), (728, 46), (543, -24), (437, -24)], [(437, -24), (262, -24), (74, 147), (74, 280)], [(74, 280), (74, 358), (145, 487), (260, 565), (332, 585)], [(332, 585), (385, 599), (492, 612)], [(492, 612), (710, 638), (813, 674)], [(813, 674), (814, 711), (814, 721)], [(814, 721), (814, 831), (763, 876)], [(763, 876), (694, 937), (558, 937)], [(558, 937), (431, 937), (310, 848), (281, 735)], [(281, 735), (105, 759)], [(105, 759), (129, 872), (239, 1011), (447, 1086), (584, 1086)], [(584, 1086), (720, 1086), (890, 1022), (970, 925), (986, 851)], [(986, 851), (995, 805), (995, 685)], [(995, 685), (995, 445)], [(995, 445), (995, 194), (1018, 61), (1052, 0)], [(1052, 0), (864, 0)], [(864, 0), (836, 56), (828, 131)], [(813, 533), (715, 493), (519, 465)], [(519, 465), (408, 449), (316, 409), (266, 332), (266, 285)], [(266, 285), (266, 213), (375, 117), (480, 117)], [(480, 117), (584, 117), (746, 208), (784, 287)], [(784, 287), (813, 348), (813, 467)], [(813, 467), (813, 533)]]
"b", 1139, 2229, [[(301, 0), (134, 0)], [(134, 0), (134, 1466)], [(134, 1466), (314, 1466)], [(314, 1466), (314, 943)], [(314, 943), (428, 1086), (605, 1086)], [(605, 1086), (703, 1086), (878, 1007), (991, 864), (1055, 662), (1055, 547)], [(1055, 547), (1055, 274), (785, -24), (596, -24)], [(596, -24), (408, -24), (301, 133)], [(301, 133), (301, 0)], [(299, 539), (299, 348), (351, 263)], [(351, 263), (436, 124), (581, 124)], [(581, 124), (699, 124), (871, 329), (871, 532)], [(871, 532), (871, 740), (706, 938), (589, 938)], [(589, 938), (471, 938), (299, 733), (299, 539)]]
"c", 1024, 2229, [[(828, 389), (1005, 366)], [(1005, 366), (976, 183), (737, -24), (563, -24)], [(563, -24), (345, -24), (80, 261), (80, 527)], [(80, 527), (80, 699), (194, 957), (427, 1086), (564, 1086)], [(564, 1086), (737, 1086), (957, 911), (988, 750)], [(988, 750), (813, 723)], [(813, 723), (788, 830), (661, 938), (571, 938)], [(571, 938), (435, 938), (265, 743), (265, 532)], [(265, 532), (265, 318), (429, 124), (561, 124)], [(561, 124), (667, 124), (809, 254), (828, 389)]]
"d", 1139, 2229, [[(824, 0), (824, 134)], [(824, 134), (723, -24), (527, -24)], [(527, -24), (400, -24), (187, 116), (70, 367), (70, 530)], [(70, 530), (70, 689), (176, 948), (388, 1086), (519, 1086)], [(519, 1086), (615, 1086), (765, 1005), (812, 940)], [(812, 940), (812, 1466)], [(812, 1466), (991, 1466)], [(991, 1466), (991, 0)], [(991, 0), (824, 0)], [(255, 530), (255, 326), (427, 124), (544, 124)], [(544, 124), (662, 124), (827, 317), (827, 515)], [(827, 515), (827, 733), (659, 937), (536, 937)], [(536, 937), (416, 937), (255, 741), (255, 530)]]
"e", 1139, 2229, [[(862, 342), (1048, 319)], [(1048, 319), (1004, 156), (766, -24), (581, -24)], [(581, -24), (348, -24), (75, 263), (75, 522)], [(75, 522), (75, 790), (351, 1086), (571, 1086)], [(571, 1086), (784, 1086), (1054, 796), (1054, 533)], [(1054, 533), (1054, 517), (1053, 485)], [(1053, 485), (261, 485)], [(261, 485), (271, 310), (449, 124), (582, 124)], [(582, 124), (681, 124), (821, 228), (862, 342)], [(271, 633), (864, 633)], [(864, 633), (852, 767), (796, 834)], [(796, 834), (710, 938), (573, 938)], [(573, 938), (449, 938), (280, 772), (271, 633)]]
"f", 569, 2229, [[(178, 0), (178, 922)], [(178, 922), (19, 922)], [(19, 922), (19, 1062)], [(19, 1062), (178, 1062)], [(178, 1062), (178, 1175)], [(178, 1175), (178, 1282), (197, 1334)], [(197, 1334), (223, 1404), (354, 1491), (472, 1491)], [(472, 1491), (548, 1491), (640, 1473)], [(640, 1473), (613, 1316)], [(613, 1316), (557, 1326), (507, 1326)], [(507, 1326), (425, 1326), (357, 1256), (357, 1160)], [(357, 1160), (357, 1062)], [(357, 1062), (564, 1062)], [(564, 1062), (564, 922)], [(564, 922), (357, 922)], [(357, 922), (357, 0)], [(357, 0), (178, 0)]]
"g", 1139, 2229, [[(102, -88), (277, -114)], [(277, -114), (288, -195), (338, -232)], [(338, -232), (405, -282), (521, -282)], [(521, -282), (646, -282), (782, -182), (806, -92)], [(806, -92), (820, -37), (819, 139)], [(819, 139), (701, 0), (525, 0)], [(525, 0), (306, 0), (66, 316), (66, 537)], [(66, 537), (66, 689), (176, 946), (385, 1086), (526, 1086)], [(526, 1086), (714, 1086), (836, 934)], [(836, 934), (836, 1062)], [(836, 1062), (1002, 1062)], [(1002, 1062), (1002, 144)], [(1002, 144), (1002, -104), (901, -311), (682, -431), (522, -431)], [(522, -431), (332, -431), (98, -260), (102, -88)], [(251, 550), (251, 341), (417, 149), (542, 149)], [(542, 149), (666, 149), (834, 340), (834, 544)], [(834, 544), (834, 739), (661, 937), (539, 937)], [(539, 937), (419, 937), (251, 742), (251, 550)]]
"h", 1139, 2229, [[(135, 0), (135, 1466)], [(135, 1466), (315, 1466)], [(315, 1466), (315, 940)], [(315, 940), (441, 1086), (633, 1086)], [(633, 1086), (751, 1086), (925, 993), (1000, 829), (1000, 673)], [(1000, 673), (1000, 0)], [(1000, 0), (820, 0)], [(820, 0), (820, 673)], [(820, 673), (820, 808), (703, 931), (596, 931)], [(596, 931), (516, 931), (375, 848), (315, 706), (315, 581)], [(315, 581), (315, 0)], [(315, 0), (135, 0)]]
"i", 455, 2229, [[(136, 1259), (136, 1466)], [(136, 1466), (316, 1466)], [(316, 1466), (316, 1259)], [(316, 1259), (136, 1259)], [(136, 0), (136, 1062)], [(136, 1062), (316, 1062)], [(316, 1062), (316, 0)], [(316, 0), (136, 0)]]
"j", 455, 2229, [[(134, 1257), (134, 1466)], [(134, 1466), (314, 1466)], [(314, 1466), (314, 1257)], [(314, 1257), (134, 1257)], [(-94, -412), (-60, -259)], [(-60, -259), (-6, -273), (25, -273)], [(25, -273), (80, -273), (134, -200), (134, -54)], [(134, -54), (134, 1062)], [(134, 1062), (314, 1062)], [(314, 1062), (314, -58)], [(314, -58), (314, -254), (263, -331)], [(263, -331), (198, -431), (47, -431)], [(47, -431), (-26, -431), (-94, -412)]]
"k", 1024, 2229, [[(136, 0), (136, 1466)], [(136, 1466), (316, 1466)], [(316, 1466), (316, 630)], [(316, 630), (742, 1062)], [(742, 1062), (975, 1062)], [(975, 1062), (569, 668)], [(569, 668), (1016, 0)], [(1016, 0), (794, 0)], [(794, 0), (443, 543)], [(443, 543), (316, 421)], [(316, 421), (316, 0)], [(316, 0), (136, 0)]]
"l", 455, 2229, [[(131, 0), (131, 1466)], [(131, 1466), (311, 1466)], [(311, 1466), (311, 0)], [(311, 0), (131, 0)]]
"m", 1706, 2229, [[(135, 0), (135, 1062)], [(135, 1062), (296, 1062)], [(296, 1062), (296, 913)], [(296, 913), (346, 991), (512, 1086), (618, 1086)], [(618, 1086), (736, 1086), (887, 988), (918, 900)], [(918, 900), (1044, 1086), (1246, 1086)], [(1246, 1086), (1404, 1086), (1574, 911), (1574, 729)], [(1574, 729), (1574, 0)], [(1574, 0), (1395, 0)], [(1395, 0), (1395, 669)], [(1395, 669), (1395, 777), (1360, 872), (1268, 930), (1206, 930)], [(1206, 930), (1094, 930), (946, 781), (946, 617)], [(946, 617), (946, 0)], [(946, 0), (766, 0)], [(766, 0), (766, 690)], [(766, 690), (766, 810), (678, 930), (578, 930)], [(578, 930), (502, 930), (373, 850), (315, 696), (315, 551)], [(315, 551), (315, 0)], [(315, 0), (135, 0)]]
"n", 1139, 2229, [[(135, 0), (135, 1062)], [(135, 1062), (297, 1062)], [(297, 1062), (297, 911)], [(297, 911), (414, 1086), (635, 1086)], [(635, 1086), (731, 1086), (892, 1017), (972, 905), (988, 828)], [(988, 828), (998, 778), (998, 653)], [(998, 653), (998, 0)], [(998, 0), (818, 0)], [(818, 0), (818, 646)], [(818, 646), (818, 756), (776, 865), (669, 930), (597, 930)], [(597, 930), (482, 930), (315, 784), (315, 580)], [(315, 580), (315, 0)], [(315, 0), (135, 0)]]
"o", 1139, 2229, [[(68, 531), (68, 826), (232, 968)], [(232, 968), (369, 1086), (566, 1086)], [(566, 1086), (785, 1086), (1063, 799), (1063, 546)], [(1063, 546), (1063, 341), (940, 106), (705, -24), (566, -24)], [(566, -24), (343, -24), (68, 262), (68, 531)], [(253, 531), (253, 327), (431, 124), (566, 124)], [(566, 124), (700, 124), (878, 328), (878, 537)], [(878, 537), (878, 734), (699, 937), (566, 937)], [(566, 937), (431, 937), (253, 735), (253, 531)]]
"p", 1139, 2229, [[(135, -407), (135, 1062)], [(135, 1062), (299, 1062)], [(299, 1062), (299, 924)], [(299, 924), (357, 1005), (503, 1086), (607, 1086)], [(607, 1086), (743, 1086), (951, 946), (1057, 691), (1057, 539)], [(1057, 539), (1057, 376), (940, 115), (717, -24), (594, -24)], [(594, -24), (504, -24), (361, 52), (315, 110)], [(315, 110), (315, -407)], [(315, -407), (135, -407)], [(298, 525), (298, 320), (464, 124), (582, 124)], [(582, 124), (702, 124), (873, 327), (873, 540)], [(873, 540), (873, 743), (706, 945), (590, 945)], [(590, 945), (475, 945), (298, 730), (298, 525)]]
"q", 1139, 2229, [[(812, -407), (812, 113)], [(812, 113), (770, 54), (619, -24), (534, -24)], [(534, -24), (345, -24), (72, 278), (72, 541)], [(72, 541), (72, 701), (183, 955), (394, 1086), (520, 1086)], [(520, 1086), (717, 1086), (830, 920)], [(830, 920), (830, 1062)], [(830, 1062), (992, 1062)], [(992, 1062), (992, -407)], [(992, -407), (812, -407)], [(257, 534), (257, 329), (429, 124), (549, 124)], [(549, 124), (664, 124), (830, 319), (830, 518)], [(830, 518), (830, 730), (655, 944), (537, 944)], [(537, 944), (420, 944), (257, 745), (257, 534)]]
"r", 682, 2229, [[(133, 0), (133, 1062)], [(133, 1062), (295, 1062)], [(295, 1062), (295, 901)], [(295, 901), (357, 1014), (462, 1086), (525, 1086)], [(525, 1086), (616, 1086), (710, 1028)], [(710, 1028), (648, 861)], [(648, 861), (582, 900), (516, 900)], [(516, 900), (457, 900), (363, 829), (343, 766)], [(343, 766), (313, 670), (313, 556)], [(313, 556), (313, 0)], [(313, 0), (133, 0)]]
"s", 1024, 2229, [[(63, 317), (241, 345)], [(241, 345), (256, 238), (393, 124), (516, 124)], [(516, 124), (640, 124), (760, 225), (760, 293)], [(760, 293), (760, 354), (707, 389)], [(707, 389), (670, 413), (523, 450)], [(523, 450), (325, 500), (172, 573), (93, 702), (93, 780)], [(93, 780), (93, 851), (158, 972), (214, 1012)], [(214, 1012), (256, 1043), (401, 1086), (484, 1086)], [(484, 1086), (609, 1086), (798, 1014), (888, 891), (905, 788)], [(905, 788), (729, 764)], [(729, 764), (717, 846), (602, 938), (497, 938)], [(497, 938), (373, 938), (267, 856), (267, 801)], [(267, 801), (267, 766), (289, 738)], [(289, 738), (311, 709), (358, 690)], [(358, 690), (385, 680), (517, 644)], [(517, 644), (708, 593), (859, 528), (945, 404), (945, 312)], [(945, 312), (945, 222), (840, 63), (642, -24), (517, -24)], [(517, -24), (310, -24), (93, 148), (63, 317)]]
"t", 569, 2229, [[(528, 161), (554, 2)], [(554, 2), (478, -14), (418, -14)], [(418, -14), (320, -14), (212, 48), (168, 149), (168, 311)], [(168, 311), (168, 922)], [(168, 922), (36, 922)], [(36, 922), (36, 1062)], [(36, 1062), (168, 1062)], [(168, 1062), (168, 1325)], [(168, 1325), (347, 1433)], [(347, 1433), (347, 1062)], [(347, 1062), (528, 1062)], [(528, 1062), (528, 922)], [(528, 922), (347, 922)], [(347, 922), (347, 301)], [(347, 301), (347, 224), (366, 180), (409, 154), (449, 154)], [(449, 154), (479, 154), (528, 161)]]
"u", 1139, 2229, [[(831, 0), (831, 156)], [(831, 156), (707, -24), (494, -24)], [(494, -24), (400, -24), (237, 48), (158, 157), (142, 236)], [(142, 236), (131, 289), (131, 404)], [(131, 404), (131, 1062)], [(131, 1062), (311, 1062)], [(311, 1062), (311, 473)], [(311, 473), (311, 332), (322, 283)], [(322, 283), (339, 212), (449, 131), (530, 131)], [(530, 131), (611, 131), (753, 214), (812, 357), (812, 493)], [(812, 493), (812, 1062)], [(812, 1062), (992, 1062)], [(992, 1062), (992, 0)], [(992, 0), (831, 0)]]
"v", 1024, 2229, [[(430, 0), (26, 1062)], [(26, 1062), (216, 1062)], [(216, 1062), (444, 426)], [(444, 426), (481, 323), (512, 212)], [(512, 212), (536, 296), (579, 414)], [(579, 414), (815, 1062)], [(815, 1062), (1000, 1062)], [(1000, 1062), (598, 0)], [(598, 0), (430, 0)]]
"w", 1479, 2229, [[(331, 0), (6, 1062)], [(6, 1062), (192, 1062)], [(192, 1062), (361, 449)], [(361, 449), (424, 221)], [(424, 221), (428, 238), (479, 440)], [(479, 440), (648, 1062)], [(648, 1062), (833, 1062)], [(833, 1062), (992, 446)], [(992, 446), (1045, 243)], [(1045, 243), (1106, 448)], [(1106, 448), (1288, 1062)], [(1288, 1062), (1463, 1062)], [(1463, 1062), (1131, 0)], [(1131, 0), (944, 0)], [(944, 0), (775, 636)], [(775, 636), (734, 817)], [(734, 817), (519, 0)], [(519, 0), (331, 0)]]
"x", 1024, 2229, [[(15, 0), (403, 552)], [(403, 552), (44, 1062)], [(44, 1062), (269, 1062)], [(269, 1062), (432, 813)], [(432, 813), (478, 742), (506, 694)], [(506, 694), (550, 760), (587, 811)], [(587, 811), (766, 1062)], [(766, 1062), (981, 1062)], [(981, 1062), (614, 562)], [(614, 562), (1009, 0)], [(1009, 0), (788, 0)], [(788, 0), (570, 330)], [(570, 330), (512, 419)], [(512, 419), (233, 0)], [(233, 0), (15, 0)]]
"y", 1024, 2229, [[(127, -409), (107, -240)], [(107, -240), (166, -256), (210, -256)], [(210, -256), (270, -256), (342, -216), (365, -180)], [(365, -180), (382, -153), (420, -46)], [(420, -46), (425, -31), (436, -2)], [(436, -2), (33, 1062)], [(33, 1062), (227, 1062)], [(227, 1062), (448, 447)], [(448, 447), (491, 330), (525, 201)], [(525, 201), (556, 325), (599, 443)], [(599, 443), (826, 1062)], [(826, 1062), (1006, 1062)], [(1006, 1062), (602, -18)], [(602, -18), (537, -193), (501, -259)], [(501, -259), (453, -348), (329, -431), (243, -431)], [(243, -431), (191, -431), (127, -409)]]
"z", 1024, 2229, [[(40, 0), (40, 146)], [(40, 146), (716, 922)], [(716, 922), (601, 916), (513, 916)], [(513, 916), (80, 916)], [(80, 916), (80, 1062)], [(80, 1062), (948, 1062)], [(948, 1062), (948, 943)], [(948, 943), (373, 269)], [(373, 269), (262, 146)], [(262, 146), (383, 155), (489, 155)], [(489, 155), (980, 155)], [(980, 155), (980, 0)], [(980, 0), (40, 0)]]
"{", 684, 2229, [[(57, 612), (134, 614), (231, 693), (263, 831), (265, 1165), (270, 1218)], [(270, 1218), (279, 1302), (328, 1404), (400, 1465), (456, 1481)], [(456, 1481), (494, 1491), (580, 1491)], [(580, 1491), (636, 1491)], [(636, 1491), (636, 1334)], [(636, 1334), (605, 1334)], [(605, 1334), (501, 1334), (433, 1259), (433, 1129)], [(433, 1129), (433, 867), (422, 798)], [(422, 798), (404, 691), (317, 575), (224, 530)], [(224, 530), (334, 484), (433, 295), (433, 80)], [(433, 80), (433, -115), (437, -152)], [(437, -152), (445, -220), (510, -274), (605, -274)], [(605, -274), (636, -274)], [(636, -274), (636, -431)], [(636, -431), (580, -431)], [(580, -431), (482, -431), (438, -415)], [(438, -415), (374, -392), (290, -289), (265, -131), (263, 229), (231, 367), (134, 447), (57, 449)], [(57, 449), (57, 612)]]
"|", 532, 2229, [[(188, -431), (188, 1491)], [(188, 1491), (345, 1491)], [(345, 1491), (345, -431)], [(345, -431), (188, -431)]]
"}", 684, 2229, [[(626, 612), (626, 449)], [(626, 449), (549, 447), (452, 367), (420, 230), (418, -104), (413, -157)], [(413, -157), (404, -242), (355, -343), (283, -404), (227, -420)], [(227, -420), (189, -431), (103, -431)], [(103, -431), (47, -431)], [(47, -431), (47, -274)], [(47, -274), (78, -274)], [(78, -274), (182, -274), (250, -199), (250, -68)], [(250, -68), (250, 182), (259, 249)], [(259, 249), (275, 360), (371, 493), (459, 530)], [(459, 530), (344, 585), (250, 766), (250, 981)], [(250, 981), (250, 1176), (245, 1214)], [(245, 1214), (238, 1281), (173, 1334), (78, 1334)], [(78, 1334), (47, 1334)], [(47, 1334), (47, 1491)], [(47, 1491), (103, 1491)], [(103, 1491), (201, 1491), (245, 1475)], [(245, 1475), (309, 1453), (393, 1349), (418, 1191), (420, 831), (452, 694), (549, 614), (626, 612)]]
"~", 1196, 2229, [[(87, 557), (87, 762)], [(87, 762), (193, 882), (365, 882)], [(365, 882), (425, 882), (557, 847), (679, 795)], [(679, 795), (748, 766), (817, 748), (852, 748)], [(852, 748), (917, 748), (1056, 826), (1110, 885)], [(1110, 885), (1110, 673)], [(1110, 673), (1046, 613), (915, 559), (833, 559)], [(833, 559), (773, 559), (664, 587), (427, 693), (348, 693)], [(348, 693), (284, 693), (171, 638), (87, 557)]]
